0.8558724386550132 0.7849691305856239 
0.9415123070760223 0.06467204968461297 
0.8547088723436573 0.45427883162790295 
0.17244384411171085 0.8369001104967376 
0.25751572091388386 0.2113907143469807 
0.38403394490707815 0.44863871562906493 
0.6173122756268433 0.7396016300138295 
0.19309904042137443 0.4349681462235943 
0.1767216111080771 0.1672557623870671 
0.6381383201334909 0.06349420853627842 
0.37369480221935164 0.36391525255512636 
0.607787254772546 0.8293934147996039 
0.44676269899339655 0.2687519974869366 
0.3358306469132857 0.534070874648785 
0.9696617385418824 0.689440283788742 
0.8868586848611435 0.7082627922228716 
0.047275083304516186 0.28780202022386975 
0.34905490574377007 0.6245158316367697 
0.9271093966209378 0.9539231823906024 
0.6760529857211026 0.30599090025209946 
0.16495038379997873 0.2802528112019235 
0.9935257367971329 0.5516123926866552 
0.9891187043080079 0.20724543695016967 
0.4095580520199419 0.16429886950925496 
0.19772103191892137 0.9503318173597963 
0.9100957176697344 0.179503117347865 
0.6993946107484439 0.7575503113422296 
0.9202930673121642 0.5009793478017444 
0.397476710442502 0.8125094772677878 
0.8333339976635954 0.996833832793077 
0.8702302670714943 0.2648152582576465 
0.29890334087574677 0.3195691254518073 
0.7747370388709719 0.7651382124753703 
0.6037232025462038 0.1499145033625645 
0.04813075882681608 0.7454068840083657 
0.14529984278614694 0.739003071990808 
0.7441615832535052 0.39263484960717476 
0.5284110965487094 0.2155347958242619 
0.8255482300808271 0.3649717931138707 
0.6131464124094196 0.9109547056239484 
0.2973836466627427 0.9719804992151945 
0.05274516788771818 0.6499613664884429 
0.13419746564223953 0.4917627196973602 
0.9117830436147311 0.5984956086117129 
0.7584578172070743 0.5950011349200921 
0.4396148870189889 0.5632050350177179 
0.5622809689333076 0.4785414976125681 
0.9577901743683654 0.8593222527944923 
0.08259423983459584 0.5568535941197129 
0.029321853654480742 0.453524220615659 
0.5880863011337971 0.28291888308463975 
0.2887214901123214 0.8761892520599701 
0.2582900145046116 0.49964051594000103 
0.8306269548044111 0.6224714587389251 
0.22906744053438732 0.36182146391021114 
0.5456541669746904 0.581755768556438 
0.8647125893048541 0.8755707354735459 
0.386888876815048 0.025306647099427173 
0.29740219769376913 0.12743149465421308 
0.501181626178361 0.9475269228716041 
0.6659186308272224 0.4330728670836053 
0.6917729002336047 0.6484418148533185 
0.6882637241830748 0.19108918844442419 
0.2623709371511504 0.6914748265277831 
0.41144480570102804 0.7104747778809078 
0.5772124578352383 0.999095030925564 
0.22033959350673596 0.6268690456690005 
0.08559711580143886 0.9694739510867385 
0.38076472397419114 0.920008619317586 
0.7814609318203608 0.16945357837110328 
0.48088917537544407 0.6610836968766062 
0.08186872615479157 0.19338103865763115 
0.5765120288546463 0.38056766344173115 
0.016157936716744817 0.01818864017856875 
0.7409164824019852 0.5073827523938167 
0.10520611596869857 0.3736995175479491 
0.47436306255236005 0.4692614178440163 
0.4794614469023655 0.3553593002171732 
0.32796235325399853 0.748471566371278 
0.9189770834872558 0.34663648091462995 
0.767186081406095 0.88069149869741 
0.10254375170883474 0.8874393788634924 
0.7678157023335085 0.27236340799367503 
0.07797042283697392 0.09980013582880799 
0.27019234504860606 0.05257655207921669 
0.24690650097092562 0.7941413213633183 
0.4703817276878661 0.8660930443420478 
0.14650198853877 0.6121479206099727 
0.34896175862653406 0.2367647086833249 
0.9953749190672948 0.37223635639271757 
0.033024578952941086 0.828894927764098 
0.7490890756580753 0.056934173841688994 
0.5909265451471091 0.6579931420608709 
0.7113647360210266 0.9546924921379615 
0.5013612851342858 0.12178846457898214 
0.850247758297376 0.10641870175922481 
0.4709533777389803 0.0454200960555816 
0.16405773068969315 0.05120536204605394 
0.6405465806680906 0.537213378063356 
0.5144618603111605 0.774391486322502 
