0.6186634507186 0.956634041326339 
0.6535084302840914 0.09313749610055311 
0.9458311982923533 0.012261399368981074 
0.4943275515855703 0.5121364366033845 
0.3983027250295663 0.7575678299427295 
0.3713047010605077 0.2955504738223027 
0.6307570945149621 0.5308168413220855 
0.719531445024586 0.7886520386273332 
0.15246320637635336 0.6573381035464934 
0.4868089109345135 0.544350028051312 
0.9609149479763559 0.6250719320475326 
0.2627716052053266 0.7653222332509628 
0.3927536171899817 0.9936667644054182 
0.18478516438872816 0.12064847517791577 
0.1036713252594268 0.9496053863736194 
0.9459333787475828 0.9936195190354056 
0.8164237975834112 0.917391885940237 
0.11767749453090914 0.9769110118762825 
0.08394332748424205 0.09189665164474192 
0.43989391325216154 0.8390737015202205 
0.4625315530330383 0.5408575927029631 
0.09324210791555743 0.6099834493906258 
0.673952386469864 0.8012861700347358 
0.794499977712988 0.5248552717055901 
0.7724953518227267 0.1324841867822215 
0.6451562273147262 0.10192202202796352 
0.1913405573917899 0.9506660073798159 
0.01674104229442719 0.052802941849677154 
0.9148329602647678 0.7145953252628061 
0.2883358584736655 0.21892020712550675 
0.6066072045999391 0.4642892973371886 
0.9391175779429659 0.7816273646115235 
0.37486041490253497 0.6671980837051024 
0.5874076138936317 0.5278049774418747 
0.09250094019374444 0.7838073842152085 
0.027653075824105144 0.3324585102159716 
0.09744847651143118 0.28282021654008815 
0.5130831677520113 0.07655766392013419 
0.07553389745621741 0.04730475849841298 
0.05189418885060948 0.6841305710079268 
0.9615961687431422 0.6253834799594813 
0.4865515611635667 0.18799107963521067 
0.27944182129210304 0.8332293227399674 
0.34500818350073814 0.9298680843445837 
0.12702732754810064 0.8187587890936747 
0.03868603403738291 0.14716889215284823 
0.638265094495182 0.2661105854750758 
0.7577738299705175 0.8580786464720234 
0.14016415072626032 0.17376491277248363 
0.3206077772307765 0.7170946220855221 
0.45294050095730753 0.9735462031312672 
0.2574880578803729 0.886191274757131 
0.6866746734658591 0.41176740339486173 
0.5505626147778457 0.1519814595537241 
0.7366973279033004 0.08111379213154635 
0.122799048649469 0.3126363367712912 
0.562694382631058 0.6495122710069978 
0.5368267196372258 0.603649025022424 
0.047305414254992684 0.7875602148782974 
0.36465732195603096 0.20974680851570326 
0.8380786813627452 0.8155145712465526 
0.10513147378060239 0.13132337047841247 
0.5699906471120926 0.3599122214968169 
0.5810842630472086 0.458086864379311 
0.4665729495873734 0.46070657465543974 
0.20724303971860536 0.24331085262102192 
0.6107462249793514 0.25197039837732405 
0.5074679941631075 0.5325150039539039 
0.2997005473445853 0.9397975310838547 
0.3062187877249585 0.8570249692018024 
0.4087232476367717 0.40027583218102336 
0.7011996267631844 0.004815854258616525 
0.29100480174111 0.08735128175840146 
0.8320728042302639 0.6561972950815402 
0.6379831963993965 0.9418787380249398 
0.643083615471312 0.6055576541593837 
0.3043797013728238 0.8559458127822683 
0.8784454075212267 0.14394497304623144 
0.8442972566110711 0.6281683102044155 
0.1763493781352139 0.13235951364084997 
0.07752038608659362 0.3011522106514235 
0.7051252359124192 0.613539241413946 
0.17272142945579816 0.0042455446463449675 
0.18759896116870678 0.6624871016105658 
0.553128895339853 0.022088437495654034 
0.392187164533226 0.024140707485159396 
0.3503164846739768 0.15296065037692586 
0.5197671067075191 0.2908424302495476 
0.035695379689343554 0.4504920319475474 
0.9652735457724759 0.12230413019597108 
0.011576375840093078 0.453359291388864 
0.1435690767435176 0.2883130412872199 
0.25115212663650954 0.8045693940451315 
0.7941155221923757 0.5647916065124328 
0.7691467380371648 0.6518610811826555 
0.17109397609961263 0.2049437841459394 
0.1609284972037095 0.8563667343975965 
0.5067089778549416 0.016127813100062838 
0.5878556347719552 0.39881628044942374 
0.10427648049791216 0.34975818802652725 
